image: restaurant.png
resolution: 0.025020
origin: [-7.520000, -7.6200000, 0.000000]
negate: 0
occupied_thresh: 0.65
free_thresh: 0.196

